RECT 1000 539000 288940 539700 ;
RECT 1000 539700 2520 541100 ;
RECT 1000 541100 2240 542500 ;
RECT 1000 542500 5040 543900 ;
RECT 1000 543900 4340 545300 ;
RECT 1000 545300 3920 546700 ;
RECT 1000 546700 3640 548100 ;
RECT 1000 548100 3500 549500 ;
RECT 1000 549500 3360 550900 ;
RECT 1000 550900 2940 552300 ;
RECT 1000 552300 2240 553700 ;
RECT 1000 553700 7980 555100 ;
RECT 1000 555100 7560 556500 ;
RECT 1000 556500 7140 557900 ;
RECT 1000 557900 288940 601700 ;
RECT 1120 2428000 4106700 2459000 ;
RECT 13160 556500 288940 557900 ;
RECT 13580 555100 288940 556500 ;
RECT 14000 553700 288940 555100 ;
RECT 14280 541100 19600 542500 ;
RECT 14280 552300 288940 553700 ;
RECT 14560 539700 19600 541100 ;
RECT 14980 550900 288940 552300 ;
RECT 15400 549500 67200 550900 ;
RECT 15540 548100 66780 549500 ;
RECT 15680 546700 68040 548100 ;
RECT 15960 545300 64820 546700 ;
RECT 16380 543900 19600 545300 ;
RECT 17080 542500 19600 543900 ;
RECT 25620 539700 58520 541100 ;
RECT 25620 541100 59080 542500 ;
RECT 25620 542500 65380 543900 ;
RECT 25620 543900 64960 545300 ;
RECT 26000 1534700 59300 1599300 ;
RECT 26000 1725700 59300 1790300 ;
RECT 26000 1916700 59300 1981300 ;
RECT 26000 2107700 59300 2172300 ;
RECT 26000 2298700 59300 2363300 ;
RECT 26000 2523700 59300 2588300 ;
RECT 26000 2714700 59300 2779300 ;
RECT 26000 2905700 59300 2970300 ;
RECT 26000 3096700 59300 3161300 ;
RECT 26000 3287700 59300 3352300 ;
RECT 72800 548100 73920 549500 ;
RECT 73220 549500 124880 550900 ;
RECT 77140 541100 81200 542500 ;
RECT 77420 542500 83020 543900 ;
RECT 79940 548100 124880 549500 ;
RECT 80080 546700 124460 548100 ;
RECT 82600 539700 82880 541100 ;
RECT 82880 545300 124040 546700 ;
RECT 83020 543900 123900 545300 ;
RECT 87220 541100 117320 542500 ;
RECT 88300 1474500 162300 1664000 ;
RECT 88300 1664000 2044300 1766315 ;
RECT 88300 1766315 4106700 2210625 ;
RECT 88300 2210625 479100 2404625 ;
RECT 88300 2404625 4106700 2428000 ;
RECT 88300 2459000 4106700 2682415 ;
RECT 88300 2682415 1305300 2876415 ;
RECT 88300 2876415 4106700 3223000 ;
RECT 88300 3223000 162300 3412800 ;
RECT 88900 539700 117460 541100 ;
RECT 89040 542500 117740 543900 ;
RECT 120000 800000 124500 800500 ;
RECT 120000 800500 120500 804500 ;
RECT 120000 804500 125000 805000 ;
RECT 122000 802000 123000 803000 ;
RECT 124500 800500 125000 804500 ;
RECT 129360 541100 131880 542500 ;
RECT 129500 539700 131880 541100 ;
RECT 129780 542500 131880 543900 ;
RECT 129920 543900 131880 545300 ;
RECT 130060 545300 131880 546700 ;
RECT 130480 546700 131880 548100 ;
RECT 130900 548100 214480 549500 ;
RECT 130900 549500 288940 550900 ;
RECT 135000 800000 139500 800500 ;
RECT 135000 800500 135500 804500 ;
RECT 135000 804500 140000 805000 ;
RECT 137000 802000 138000 803000 ;
RECT 137900 541100 184800 542500 ;
RECT 137900 542500 187740 543900 ;
RECT 137900 543900 210560 545300 ;
RECT 137900 545300 215880 546700 ;
RECT 137900 546700 215320 548100 ;
RECT 139500 800500 140000 804500 ;
RECT 143920 539700 184940 541100 ;
RECT 150000 800000 154500 800500 ;
RECT 150000 800500 150500 804500 ;
RECT 150000 804500 155000 805000 ;
RECT 152000 802000 153000 803000 ;
RECT 154500 800500 155000 804500 ;
RECT 165000 800000 169500 800500 ;
RECT 165000 800500 165500 804500 ;
RECT 165000 804500 170000 805000 ;
RECT 167000 802000 168000 803000 ;
RECT 169500 800500 170000 804500 ;
RECT 180000 800000 184500 800500 ;
RECT 180000 800500 180500 804500 ;
RECT 180000 804500 185000 805000 ;
RECT 182000 802000 183000 803000 ;
RECT 184500 800500 185000 804500 ;
RECT 190820 541100 211120 542500 ;
RECT 191300 1534700 224600 1599300 ;
RECT 191300 3287700 224600 3352300 ;
RECT 193760 542500 210840 543900 ;
RECT 195000 800000 199500 800500 ;
RECT 195000 800500 195500 804500 ;
RECT 195000 804500 200000 805000 ;
RECT 196980 539700 211400 541100 ;
RECT 197000 802000 198000 803000 ;
RECT 199500 800500 200000 804500 ;
RECT 210000 800000 214500 800500 ;
RECT 210000 800500 210500 804500 ;
RECT 210000 804500 215000 805000 ;
RECT 212000 802000 213000 803000 ;
RECT 214500 800500 215000 804500 ;
RECT 220500 548100 288940 549500 ;
RECT 221340 546700 288940 548100 ;
RECT 221900 545300 288940 546700 ;
RECT 222600 543900 271880 545300 ;
RECT 222880 542500 271740 543900 ;
RECT 223160 541100 271180 542500 ;
RECT 223440 539700 266840 541100 ;
RECT 225000 800000 229500 800500 ;
RECT 225000 800500 225500 804500 ;
RECT 225000 804500 230000 805000 ;
RECT 227000 802000 228000 803000 ;
RECT 229500 800500 230000 804500 ;
RECT 240000 800000 244500 800500 ;
RECT 240000 800500 240500 804500 ;
RECT 240000 804500 245000 805000 ;
RECT 242000 802000 243000 803000 ;
RECT 244500 800500 245000 804500 ;
RECT 255000 800000 259500 800500 ;
RECT 255000 800500 255500 804500 ;
RECT 255000 804500 260000 805000 ;
RECT 257000 802000 258000 803000 ;
RECT 259500 800500 260000 804500 ;
RECT 270000 800000 274500 800500 ;
RECT 270000 800500 270500 804500 ;
RECT 270000 804500 275000 805000 ;
RECT 272000 802000 273000 803000 ;
RECT 274500 800500 275000 804500 ;
RECT 277200 541100 288940 542500 ;
RECT 277760 542500 288940 543900 ;
RECT 277900 543900 288940 545300 ;
RECT 278880 539700 288940 541100 ;
RECT 279600 1534700 312900 1599300 ;
RECT 279600 3287700 312900 3352300 ;
RECT 285000 800000 289500 800500 ;
RECT 285000 800500 285500 804500 ;
RECT 285000 804500 290000 805000 ;
RECT 287000 802000 288000 803000 ;
RECT 289500 800500 290000 804500 ;
RECT 300000 800000 304500 800500 ;
RECT 300000 800500 300500 804500 ;
RECT 300000 804500 305000 805000 ;
RECT 302000 802000 303000 803000 ;
RECT 304500 800500 305000 804500 ;
RECT 315000 800000 319500 800500 ;
RECT 315000 800500 315500 804500 ;
RECT 315000 804500 320000 805000 ;
RECT 317000 802000 318000 803000 ;
RECT 319500 800500 320000 804500 ;
RECT 330000 800000 334500 800500 ;
RECT 330000 800500 330500 804500 ;
RECT 330000 804500 335000 805000 ;
RECT 332000 802000 333000 803000 ;
RECT 334500 800500 335000 804500 ;
RECT 341900 1474500 385900 1664000 ;
RECT 341900 3223000 390900 3412800 ;
RECT 345000 800000 349500 800500 ;
RECT 345000 800500 345500 804500 ;
RECT 345000 804500 350000 805000 ;
RECT 347000 802000 348000 803000 ;
RECT 349500 800500 350000 804500 ;
RECT 360000 800000 364500 800500 ;
RECT 360000 800500 360500 804500 ;
RECT 360000 804500 365000 805000 ;
RECT 362000 802000 363000 803000 ;
RECT 364500 800500 365000 804500 ;
RECT 375000 800000 379500 800500 ;
RECT 375000 800500 375500 804500 ;
RECT 375000 804500 380000 805000 ;
RECT 377000 802000 378000 803000 ;
RECT 379500 800500 380000 804500 ;
RECT 390000 800000 394500 800500 ;
RECT 390000 800500 390500 804500 ;
RECT 390000 804500 395000 805000 ;
RECT 392000 802000 393000 803000 ;
RECT 394500 800500 395000 804500 ;
RECT 405000 800000 409500 800500 ;
RECT 405000 800500 405500 804500 ;
RECT 405000 804500 410000 805000 ;
RECT 407000 802000 408000 803000 ;
RECT 409500 800500 410000 804500 ;
RECT 414900 1534700 448200 1599300 ;
RECT 419900 3287700 453200 3352300 ;
RECT 420000 800000 424500 800500 ;
RECT 420000 800500 420500 804500 ;
RECT 420000 804500 425000 805000 ;
RECT 422000 802000 423000 803000 ;
RECT 424500 800500 425000 804500 ;
RECT 435000 800000 439500 800500 ;
RECT 435000 800500 435500 804500 ;
RECT 435000 804500 440000 805000 ;
RECT 437000 802000 438000 803000 ;
RECT 439500 800500 440000 804500 ;
RECT 450000 800000 454500 800500 ;
RECT 450000 800500 450500 804500 ;
RECT 450000 804500 455000 805000 ;
RECT 452000 802000 453000 803000 ;
RECT 454500 800500 455000 804500 ;
RECT 465000 800000 469500 800500 ;
RECT 465000 800500 465500 804500 ;
RECT 465000 804500 470000 805000 ;
RECT 467000 802000 468000 803000 ;
RECT 469500 800500 470000 804500 ;
RECT 480000 800000 484500 800500 ;
RECT 480000 800500 480500 804500 ;
RECT 480000 804500 485000 805000 ;
RECT 482000 802000 483000 803000 ;
RECT 484500 800500 485000 804500 ;
RECT 495000 800000 499500 800500 ;
RECT 495000 800500 495500 804500 ;
RECT 495000 804500 500000 805000 ;
RECT 497000 802000 498000 803000 ;
RECT 499500 800500 500000 804500 ;
RECT 503200 1534700 536500 1599300 ;
RECT 508100 2275325 541400 2339925 ;
RECT 508200 3287700 541500 3352300 ;
RECT 510000 800000 514500 800500 ;
RECT 510000 800500 510500 804500 ;
RECT 510000 804500 515000 805000 ;
RECT 512000 802000 513000 803000 ;
RECT 514500 800500 515000 804500 ;
RECT 525000 800000 529500 800500 ;
RECT 525000 800500 525500 804500 ;
RECT 525000 804500 530000 805000 ;
RECT 527000 802000 528000 803000 ;
RECT 529500 800500 530000 804500 ;
RECT 540000 800000 544500 800500 ;
RECT 540000 800500 540500 804500 ;
RECT 540000 804500 545000 805000 ;
RECT 542000 802000 543000 803000 ;
RECT 544500 800500 545000 804500 ;
RECT 555000 800000 559500 800500 ;
RECT 555000 800500 555500 804500 ;
RECT 555000 804500 560000 805000 ;
RECT 557000 802000 558000 803000 ;
RECT 559500 800500 560000 804500 ;
RECT 565500 1474500 609500 1664000 ;
RECT 570500 3223000 619500 3412800 ;
RECT 596400 2275325 629700 2339925 ;
RECT 638500 1534700 671800 1599300 ;
RECT 648500 3287700 681800 3352300 ;
RECT 658700 2210625 702700 2404625 ;
RECT 726800 1534700 760100 1599300 ;
RECT 731700 2275325 765000 2339925 ;
RECT 736800 3287700 770100 3352300 ;
RECT 789100 1474500 833100 1664000 ;
RECT 799100 3223000 848100 3412800 ;
RECT 820000 2275325 853300 2339925 ;
RECT 862100 1534700 895400 1599300 ;
RECT 877100 3287700 910400 3352300 ;
RECT 882300 2210625 926300 2404625 ;
RECT 950400 1534700 983700 1599300 ;
RECT 955300 2275325 988600 2339925 ;
RECT 965400 3287700 998700 3352300 ;
RECT 1012700 1474500 4106700 1572315 ;
RECT 1012700 1572315 2044300 1664000 ;
RECT 1027700 3223000 1076700 3412800 ;
RECT 1036000 1000 4193980 48150 ;
RECT 1036000 48150 1083000 147950 ;
RECT 1036000 147950 2375000 149390 ;
RECT 1036000 149390 4193980 193950 ;
RECT 1036000 1076150 1644300 1155770 ;
RECT 1036000 1155770 4106700 1474500 ;
RECT 1043600 2275325 1076900 2339925 ;
RECT 1097000 193950 4193980 348150 ;
RECT 1097000 348150 1301000 447950 ;
RECT 1097000 447950 4193980 961770 ;
RECT 1097000 961770 1644300 1076150 ;
RECT 1105700 3287700 1139000 3352300 ;
RECT 1105900 2210625 1149900 2404625 ;
RECT 1146000 48150 1192000 147950 ;
RECT 1178900 2275325 1212200 2339925 ;
RECT 1194000 3287700 1227300 3352300 ;
RECT 1255000 48150 2066000 147950 ;
RECT 1256300 3223000 1305300 3412800 ;
RECT 1267200 2275325 1300500 2339925 ;
RECT 1329500 2210625 1373500 2404625 ;
RECT 1334300 2747115 1367600 2811715 ;
RECT 1334300 3287700 1367600 3352300 ;
RECT 1364000 348150 1410000 447950 ;
RECT 1402500 2275325 1435800 2339925 ;
RECT 1422600 2747115 1455900 2811715 ;
RECT 1422600 3287700 1455900 3352300 ;
RECT 1473000 348150 1519000 447950 ;
RECT 1484900 2682415 1762500 2876415 ;
RECT 1484900 3223000 1533900 3412800 ;
RECT 1490800 2275325 1524100 2339925 ;
RECT 1553100 2210625 1597100 2404625 ;
RECT 1562900 3287700 1596200 3352300 ;
RECT 1582000 348150 1628000 447950 ;
RECT 1626100 2275325 1659400 2339925 ;
RECT 1651200 3287700 1684500 3352300 ;
RECT 1673300 1026470 1706600 1091070 ;
RECT 1691000 348150 1737000 447950 ;
RECT 1713500 3223000 1762500 3412800 ;
RECT 1714400 2275325 1747700 2339925 ;
RECT 1761600 1026470 1794900 1091070 ;
RECT 1776700 2210625 1820700 2404625 ;
RECT 1791500 2747115 1824800 2811715 ;
RECT 1791500 3287700 1824800 3352300 ;
RECT 1801000 348150 1847000 447950 ;
RECT 1823900 961770 1867900 1155770 ;
RECT 1849700 2275325 1883000 2339925 ;
RECT 1879800 2747115 1913100 2811715 ;
RECT 1879800 3287700 1913100 3352300 ;
RECT 1896900 1026470 1930200 1091070 ;
RECT 1911000 348150 1957000 447950 ;
RECT 1938000 2275325 1971300 2339925 ;
RECT 1942100 2682415 2219700 2876415 ;
RECT 1942100 3223000 1991100 3412800 ;
RECT 1985200 1026470 2018500 1091070 ;
RECT 2000300 2210625 2044300 2404625 ;
RECT 2020000 348150 4193980 447950 ;
RECT 2020100 3287700 2053400 3352300 ;
RECT 2047500 961770 2091500 1155770 ;
RECT 2073300 1637015 2106600 1701615 ;
RECT 2073300 2275325 2106600 2339925 ;
RECT 2108400 3287700 2141700 3352300 ;
RECT 2120500 1026470 2153800 1091070 ;
RECT 2130000 48150 2176000 147950 ;
RECT 2161600 1637015 2194900 1701615 ;
RECT 2161600 2275325 2194900 2339925 ;
RECT 2170700 3223000 2219700 3412800 ;
RECT 2208800 1026470 2242100 1091070 ;
RECT 2223900 1572315 2491500 1766315 ;
RECT 2223900 2210625 2267900 2404625 ;
RECT 2240000 48150 2276000 147950 ;
RECT 2248700 2747115 2282000 2811715 ;
RECT 2248700 3287700 2282000 3352300 ;
RECT 2271100 961770 2315100 1155770 ;
RECT 2296900 2275325 2330200 2339925 ;
RECT 2337000 2747115 2370300 2811715 ;
RECT 2337000 3287700 2370300 3352300 ;
RECT 2339000 48150 4193980 49590 ;
RECT 2339000 49590 2375000 147950 ;
RECT 2344100 1026470 2377400 1091070 ;
RECT 2385200 2275325 2418500 2339925 ;
RECT 2399300 2682415 2676900 2876415 ;
RECT 2399300 3223000 2448300 3412800 ;
RECT 2432400 1026470 2465700 1091070 ;
RECT 2438000 49590 2474000 149390 ;
RECT 2447500 2210625 2491500 2404625 ;
RECT 2477300 3287700 2510600 3352300 ;
RECT 2494700 961770 2538700 1155770 ;
RECT 2520500 1637015 2553800 1701615 ;
RECT 2520500 2275325 2553800 2339925 ;
RECT 2537000 49590 2573000 149390 ;
RECT 2565600 3287700 2598900 3352300 ;
RECT 2567700 1026470 2601000 1091070 ;
RECT 2608800 1637015 2642100 1701615 ;
RECT 2608800 2275325 2642100 2339925 ;
RECT 2627900 3223000 2676900 3412800 ;
RECT 2636000 49590 2672000 149390 ;
RECT 2656000 1026470 2689300 1091070 ;
RECT 2671100 1572315 2938700 1766315 ;
RECT 2671100 2210625 2715100 2404625 ;
RECT 2705900 2747115 2739200 2811715 ;
RECT 2705900 3287700 2739200 3352300 ;
RECT 2718300 961770 2762300 1155770 ;
RECT 2735000 49590 2771000 149390 ;
RECT 2744100 2275325 2777400 2339925 ;
RECT 2791300 1026470 2824600 1091070 ;
RECT 2794200 2747115 2827500 2811715 ;
RECT 2794200 3287700 2827500 3352300 ;
RECT 2832400 2275325 2865700 2339925 ;
RECT 2834000 49590 2870000 149390 ;
RECT 2856500 2682415 4106700 2876415 ;
RECT 2856500 3223000 2905500 3412800 ;
RECT 2879600 1026470 2912900 1091070 ;
RECT 2894700 2210625 2938700 2404625 ;
RECT 2933000 49590 2969000 149390 ;
RECT 2934500 3287700 2967800 3352300 ;
RECT 2941900 961770 2985900 1155770 ;
RECT 2967700 1637015 3001000 1701615 ;
RECT 2967700 2275325 3001000 2339925 ;
RECT 3014900 1026470 3048200 1091070 ;
RECT 3022800 3287700 3056100 3352300 ;
RECT 3033000 49590 3069000 149390 ;
RECT 3056000 1637015 3089300 1701615 ;
RECT 3056000 2275325 3089300 2339925 ;
RECT 3085100 3223000 3134100 3412800 ;
RECT 3103200 1026470 3136500 1091070 ;
RECT 3118300 1572315 4106700 1766315 ;
RECT 3118300 2210625 3162300 2404625 ;
RECT 3133000 49590 3169000 149390 ;
RECT 3163100 3287700 3196400 3352300 ;
RECT 3165500 961770 3209500 1155770 ;
RECT 3191300 2275325 3224600 2339925 ;
RECT 3232000 49590 3268000 149390 ;
RECT 3238500 1026470 3271800 1091070 ;
RECT 3251400 3287700 3284700 3352300 ;
RECT 3279600 2275325 3312900 2339925 ;
RECT 3313700 3223000 3362700 3412800 ;
RECT 3326800 1026470 3360100 1091070 ;
RECT 3332000 49590 3368000 149390 ;
RECT 3341900 2210625 3385900 2404625 ;
RECT 3389100 961770 3433100 1155770 ;
RECT 3391700 3287700 3425000 3352300 ;
RECT 3414900 2275325 3448200 2339925 ;
RECT 3432000 49590 4193980 149390 ;
RECT 3462100 1026470 3495400 1091070 ;
RECT 3480000 3287700 3513300 3352300 ;
RECT 3503200 2275325 3536500 2339925 ;
RECT 3542300 3223000 3591300 3412800 ;
RECT 3550400 1026470 3583700 1091070 ;
RECT 3565500 2210625 3609500 2404625 ;
RECT 3612700 961770 4193980 1122000 ;
RECT 3612700 1122000 4106700 1155770 ;
RECT 3620300 3287700 3653600 3352300 ;
RECT 3638500 2275325 3671800 2339925 ;
RECT 3708600 3287700 3741900 3352300 ;
RECT 3726800 2275325 3760100 2339925 ;
RECT 3770900 3223000 3819900 3412800 ;
RECT 3789100 2210625 3833100 2404625 ;
RECT 3848900 3287700 3882200 3352300 ;
RECT 3862100 2275325 3895400 2339925 ;
RECT 3937200 3287700 3970500 3352300 ;
RECT 3950400 2275325 3983700 2339925 ;
RECT 3999500 3223000 4106700 3412800 ;
RECT 4012700 2210625 4106700 2404625 ;
RECT 4135700 1186700 4169000 1251300 ;
RECT 4135700 1377700 4169000 1442300 ;
RECT 4135700 1568700 4169000 1633300 ;
RECT 4135700 1759700 4169000 1824300 ;
RECT 4135700 1950700 4169000 2015300 ;
RECT 4135700 2141700 4169000 2206300 ;
RECT 4135700 2332700 4169000 2397300 ;
RECT 4135700 2523700 4169000 2588300 ;
RECT 4135700 2714700 4169000 2779300 ;
RECT 4135700 2905700 4169000 2970300 ;
RECT 4135700 3096700 4169000 3161300 ;
RECT 4135700 3287700 4169000 3352300 ;
